0.0000000000000000e+00 	 1.0000000000000000e+00 
1.0000000000000000e-02 	 9.9998333341666645e-01 
2.0000000000000000e-02 	 9.9993333466665402e-01 
2.9999999999999999e-02 	 9.9985000674985536e-01 
4.0000000000000001e-02 	 9.9973335466585400e-01 
5.0000000000000003e-02 	 9.9958338541356662e-01 
5.9999999999999998e-02 	 9.9940010799074330e-01 
7.0000000000000007e-02 	 9.9918353339332522e-01 
8.0000000000000002e-02 	 9.9893367461465854e-01 
8.9999999999999997e-02 	 9.9865054664456721e-01 
1.0000000000000001e-01 	 9.9833416646828155e-01 
1.1000000000000000e-01 	 9.9798455306522549e-01 
1.2000000000000000e-01 	 9.9760172740766129e-01 
1.3000000000000000e-01 	 9.9718571245919119e-01 
1.4000000000000001e-01 	 9.9673653317311772e-01 
1.4999999999999999e-01 	 9.9625421649066148e-01 
1.6000000000000000e-01 	 9.9573879133903731e-01 
1.7000000000000001e-01 	 9.9519028862938830e-01 
1.7999999999999999e-01 	 9.9460874125457877e-01 
1.9000000000000000e-01 	 9.9399418408684515e-01 
2.0000000000000001e-01 	 9.9334665397530608e-01 
2.0999999999999999e-01 	 9.9266618974333132e-01 
2.2000000000000000e-01 	 9.9195283218576968e-01 
2.3000000000000001e-01 	 9.9120662406603655e-01 
2.3999999999999999e-01 	 9.9042761011306080e-01 
2.5000000000000000e-01 	 9.8961583701809175e-01 
2.6000000000000001e-01 	 9.8877135343136580e-01 
2.7000000000000002e-01 	 9.8789420995863386e-01 
2.8000000000000003e-01 	 9.8698445915754907e-01 
2.8999999999999998e-01 	 9.8604215553391561e-01 
2.9999999999999999e-01 	 9.8506735553779856e-01 
3.1000000000000000e-01 	 9.8406011755949518e-01 
3.2000000000000001e-01 	 9.8302050192536805e-01 
3.3000000000000002e-01 	 9.8194857089354048e-01 
3.4000000000000002e-01 	 9.8084438864945411e-01 
3.5000000000000003e-01 	 9.7970802130128953e-01 
3.5999999999999999e-01 	 9.7853953687524997e-01 
3.7000000000000000e-01 	 9.7733900531070805e-01 
3.8000000000000000e-01 	 9.7610649845521757e-01 
3.9000000000000001e-01 	 9.7484209005938827e-01 
4.0000000000000002e-01 	 9.7354585577162622e-01 
4.1000000000000003e-01 	 9.7221787313273877e-01 
4.1999999999999998e-01 	 9.7085822157040524e-01 
4.2999999999999999e-01 	 9.6946698239351337e-01 
4.4000000000000000e-01 	 9.6804423878636270e-01 
4.5000000000000001e-01 	 9.6659007580273382e-01 
4.6000000000000002e-01 	 9.6510458035982560e-01 
4.7000000000000003e-01 	 9.6358784123206020e-01 
4.7999999999999998e-01 	 9.6203994904475609e-01 
4.8999999999999999e-01 	 9.6046099626766945e-01 
5.0000000000000000e-01 	 9.5885107720840601e-01 
5.1000000000000001e-01 	 9.5721028800570096e-01 
5.2000000000000002e-01 	 9.5553872662257067e-01 
5.3000000000000003e-01 	 9.5383649283933380e-01 
5.4000000000000004e-01 	 9.5210368824650582e-01 
5.5000000000000004e-01 	 9.5034041623756216e-01 
5.6000000000000005e-01 	 9.4854678200157738e-01 
5.7000000000000006e-01 	 9.4672289251573549e-01 
5.7999999999999996e-01 	 9.4486885653771313e-01 
5.8999999999999997e-01 	 9.4298478459793866e-01 
5.9999999999999998e-01 	 9.4107078899172569e-01 
6.0999999999999999e-01 	 9.3912698377128079e-01 
6.2000000000000000e-01 	 9.3715348473758886e-01 
6.3000000000000000e-01 	 9.3515040943217376e-01 
6.4000000000000001e-01 	 9.3311787712873762e-01 
6.5000000000000002e-01 	 9.3105600882467621e-01 
6.6000000000000003e-01 	 9.2896492723247537e-01 
6.7000000000000004e-01 	 9.2684475677098455e-01 
6.8000000000000005e-01 	 9.2469562355657142e-01 
6.9000000000000006e-01 	 9.2251765539415642e-01 
7.0000000000000007e-01 	 9.2031098176813009e-01 
7.0999999999999996e-01 	 9.1807573383315022e-01 
7.1999999999999997e-01 	 9.1581204440482378e-01 
7.2999999999999998e-01 	 9.1352004795027109e-01 
7.3999999999999999e-01 	 9.1119988057857437e-01 
7.5000000000000000e-01 	 9.0885168003111216e-01 
7.6000000000000001e-01 	 9.0647558567177799e-01 
7.7000000000000002e-01 	 9.0407173847708666e-01 
7.8000000000000003e-01 	 9.0164028102616678e-01 
7.9000000000000004e-01 	 8.9918135749064276e-01 
8.0000000000000004e-01 	 8.9669511362440346e-01 
8.1000000000000005e-01 	 8.9418169675326231e-01 
8.2000000000000006e-01 	 8.9164125576450715e-01 
8.3000000000000007e-01 	 8.8907394109634064e-01 
8.3999999999999997e-01 	 8.8647990472721350e-01 
8.4999999999999998e-01 	 8.8385930016505032e-01 
8.5999999999999999e-01 	 8.8121228243636862e-01 
8.7000000000000000e-01 	 8.7853900807529317e-01 
8.8000000000000000e-01 	 8.7583963511246510e-01 
8.9000000000000001e-01 	 8.7311432306384695e-01 
9.0000000000000002e-01 	 8.7036323291942597e-01 
9.1000000000000003e-01 	 8.6758652713181372e-01 
9.2000000000000004e-01 	 8.6478436960474570e-01 
9.3000000000000005e-01 	 8.6195692568148086e-01 
9.4000000000000006e-01 	 8.5910436213310026e-01 
9.5000000000000007e-01 	 8.5622684714670916e-01 
9.5999999999999996e-01 	 8.5332455031353993e-01 
9.6999999999999997e-01 	 8.5039764261695883e-01 
9.7999999999999998e-01 	 8.4744629642037805e-01 
9.8999999999999999e-01 	 8.4447068545507120e-01 
1.0000000000000000e+00 	 8.4147098480789650e-01 
1.0100000000000000e+00 	 8.3844737090892596e-01 
1.0200000000000000e+00 	 8.3540002151898329e-01 
1.0300000000000000e+00 	 8.3232911571709067e-01 
1.0400000000000000e+00 	 8.2923483388782537e-01 
1.0500000000000000e+00 	 8.2611735770858752e-01 
1.0600000000000001e+00 	 8.2297687013677945e-01 
1.0700000000000001e+00 	 8.1981355539689871e-01 
1.0800000000000001e+00 	 8.1662759896754389e-01 
1.0900000000000001e+00 	 8.1341918756833687e-01 
1.1000000000000001e+00 	 8.1018850914675944e-01 
1.1100000000000001e+00 	 8.0693575286490771e-01 
1.1200000000000001e+00 	 8.0366110908616517e-01 
1.1300000000000001e+00 	 8.0036476936179279e-01 
1.1400000000000001e+00 	 7.9704692641744135e-01 
1.1500000000000001e+00 	 7.9370777413958349e-01 
1.1599999999999999e+00 	 7.9034750756186800e-01 
1.1699999999999999e+00 	 7.8696632285139800e-01 
1.1799999999999999e+00 	 7.8356441729493254e-01 
1.1899999999999999e+00 	 7.8014198928501399e-01 
1.2000000000000000e+00 	 7.7669923830602194e-01 
1.2100000000000000e+00 	 7.7323636492015368e-01 
1.2200000000000000e+00 	 7.6975357075333417e-01 
1.2300000000000000e+00 	 7.6625105848105490e-01 
1.2400000000000000e+00 	 7.6272903181414431e-01 
1.2500000000000000e+00 	 7.5918769548446896e-01 
1.2600000000000000e+00 	 7.5562725523056806e-01 
1.2700000000000000e+00 	 7.5204791778322222e-01 
1.2800000000000000e+00 	 7.4844989085095692e-01 
1.2900000000000000e+00 	 7.4483338310548264e-01 
1.3000000000000000e+00 	 7.4119860416707151e-01 
1.3100000000000001e+00 	 7.3754576458987320e-01 
1.3200000000000001e+00 	 7.3387507584717060e-01 
1.3300000000000001e+00 	 7.3018675031657487e-01 
1.3400000000000001e+00 	 7.2648100126516368e-01 
1.3500000000000001e+00 	 7.2275804283456224e-01 
1.3600000000000001e+00 	 7.1901809002596784e-01 
1.3700000000000001e+00 	 7.1526135868511975e-01 
1.3800000000000001e+00 	 7.1148806548721721e-01 
1.3900000000000001e+00 	 7.0769842792178161e-01 
1.4000000000000001e+00 	 7.0389266427747155e-01 
1.4099999999999999e+00 	 7.0007099362684433e-01 
1.4199999999999999e+00 	 6.9623363581107023e-01 
1.4299999999999999e+00 	 6.9238081142459984e-01 
1.4399999999999999e+00 	 6.8851274179978228e-01 
1.4500000000000000e+00 	 6.8462964899144030e-01 
1.4600000000000000e+00 	 6.8073175576140066e-01 
1.4700000000000000e+00 	 6.7681928556298021e-01 
1.4800000000000000e+00 	 6.7289246252543244e-01 
1.4900000000000000e+00 	 6.6895151143835130e-01 
1.5000000000000000e+00 	 6.6499665773603633e-01 
1.5100000000000000e+00 	 6.6102812748181994e-01 
1.5200000000000000e+00 	 6.5704614735235722e-01 
1.5300000000000000e+00 	 6.5305094462187974e-01 
1.5400000000000000e+00 	 6.4904274714641497e-01 
1.5500000000000000e+00 	 6.4502178334797222e-01 
1.5600000000000001e+00 	 6.4098828219869630e-01 
1.5700000000000001e+00 	 6.3694247320499020e-01 
1.5800000000000001e+00 	 6.3288458639160761e-01 
1.5900000000000001e+00 	 6.2881485228571743e-01 
1.6000000000000001e+00 	 6.2473350190094068e-01 
1.6100000000000001e+00 	 6.2064076672136048e-01 
1.6200000000000001e+00 	 6.1653687868550855e-01 
1.6300000000000001e+00 	 6.1242207017032657e-01 
1.6400000000000001e+00 	 6.0829657397510584e-01 
1.6500000000000001e+00 	 6.0416062330540532e-01 
1.6600000000000001e+00 	 6.0001445175694978e-01 
1.6699999999999999e+00 	 5.9585829329950912e-01 
1.6799999999999999e+00 	 5.9169238226075949e-01 
1.6899999999999999e+00 	 5.8751695331012932e-01 
1.7000000000000000e+00 	 5.8333224144262863e-01 
1.7100000000000000e+00 	 5.7913848196266549e-01 
1.7200000000000000e+00 	 5.7493591046784964e-01 
1.7300000000000000e+00 	 5.7072476283278406e-01 
1.7400000000000000e+00 	 5.6650527519284688e-01 
1.7500000000000000e+00 	 5.6227768392796396e-01 
1.7600000000000000e+00 	 5.5804222564637418e-01 
1.7700000000000000e+00 	 5.5379913716838725e-01 
1.7800000000000000e+00 	 5.4954865551013743e-01 
1.7900000000000000e+00 	 5.4529101786733192e-01 
1.8000000000000000e+00 	 5.4102646159899725e-01 
1.8100000000000001e+00 	 5.3675522421122390e-01 
1.8200000000000001e+00 	 5.3247754334091002e-01 
1.8300000000000001e+00 	 5.2819365673950680e-01 
1.8400000000000001e+00 	 5.2390380225676525e-01 
1.8500000000000001e+00 	 5.1960821782448641e-01 
1.8600000000000001e+00 	 5.1530714144027645e-01 
1.8700000000000001e+00 	 5.1100081115130691e-01 
1.8800000000000001e+00 	 5.0668946503808265e-01 
1.8900000000000001e+00 	 5.0237334119821719e-01 
1.9000000000000001e+00 	 4.9805267773021811e-01 
1.9100000000000001e+00 	 4.9372771271728294e-01 
1.9199999999999999e+00 	 4.8939868421110677e-01 
1.9299999999999999e+00 	 4.8506583021570265e-01 
1.9399999999999999e+00 	 4.8072938867123738e-01 
1.9500000000000000e+00 	 4.7638959743788173e-01 
1.9600000000000000e+00 	 4.7204669427967771e-01 
1.9700000000000000e+00 	 4.6770091684842408e-01 
1.9800000000000000e+00 	 4.6335250266758071e-01 
1.9900000000000000e+00 	 4.5900168911619355e-01 
2.0000000000000000e+00 	 4.5464871341284085e-01 
2.0100000000000002e+00 	 4.5029381259960238e-01 
2.0200000000000000e+00 	 4.4593722352605308e-01 
2.0300000000000002e+00 	 4.4157918283328063e-01 
2.0400000000000000e+00 	 4.3721992693793116e-01 
2.0499999999999998e+00 	 4.3285969201628077e-01 
2.0600000000000001e+00 	 4.2849871398833689e-01 
2.0699999999999998e+00 	 4.2413722850197016e-01 
2.0800000000000001e+00 	 4.1977547091707518e-01 
2.0899999999999999e+00 	 4.1541367628976683e-01 
2.1000000000000001e+00 	 4.1105207935660654e-01 
2.1099999999999999e+00 	 4.0669091451886680e-01 
2.1200000000000001e+00 	 4.0233041582682838e-01 
2.1299999999999999e+00 	 3.9797081696411729e-01 
2.1400000000000001e+00 	 3.9361235123207738e-01 
2.1499999999999999e+00 	 3.8925525153418500e-01 
2.1600000000000001e+00 	 3.8489975036050139e-01 
2.1699999999999999e+00 	 3.8054607977216964e-01 
2.1800000000000002e+00 	 3.7619447138595141e-01 
2.1899999999999999e+00 	 3.7184515635881099e-01 
2.2000000000000002e+00 	 3.6749836537254094e-01 
2.2100000000000000e+00 	 3.6315432861843766e-01 
2.2200000000000002e+00 	 3.5881327578202094e-01 
2.2300000000000000e+00 	 3.5447543602780485e-01 
2.2400000000000002e+00 	 3.5014103798411594e-01 
2.2500000000000000e+00 	 3.4581030972796500e-01 
2.2600000000000002e+00 	 3.4148347876996710e-01 
2.2700000000000000e+00 	 3.3716077203931877e-01 
2.2800000000000002e+00 	 3.3284241586882529e-01 
2.2900000000000000e+00 	 3.2852863597998716e-01 
2.3000000000000003e+00 	 3.2421965746813913e-01 
2.3100000000000001e+00 	 3.1991570478764969e-01 
2.3199999999999998e+00 	 3.1561700173717738e-01 
2.3300000000000001e+00 	 3.1132377144498691e-01 
2.3399999999999999e+00 	 3.0703623635432747e-01 
2.3500000000000001e+00 	 3.0275461820886990e-01 
2.3599999999999999e+00 	 2.9847913803821030e-01 
2.3700000000000001e+00 	 2.9421001614343367e-01 
2.3799999999999999e+00 	 2.8994747208274640e-01 
2.3900000000000001e+00 	 2.8569172465717141e-01 
2.3999999999999999e+00 	 2.8144299189631289e-01 
2.4100000000000001e+00 	 2.7720149104418712e-01 
2.4199999999999999e+00 	 2.7296743854512429e-01 
2.4300000000000002e+00 	 2.6874105002973858e-01 
2.4399999999999999e+00 	 2.6452254030097161e-01 
2.4500000000000002e+00 	 2.6031212332020554e-01 
2.4600000000000000e+00 	 2.5611001219345214e-01 
2.4700000000000002e+00 	 2.5191641915761320e-01 
2.4800000000000000e+00 	 2.4773155556681925e-01 
2.4900000000000002e+00 	 2.4355563187884122e-01 
2.5000000000000000e+00 	 2.3938885764158263e-01 
2.5100000000000002e+00 	 2.3523144147964647e-01 
2.5200000000000000e+00 	 2.3108359108098486e-01 
2.5300000000000002e+00 	 2.2694551318362541e-01 
2.5400000000000000e+00 	 2.2281741356248141e-01 
2.5500000000000003e+00 	 2.1869949701624181e-01 
2.5600000000000001e+00 	 2.1459196735434632e-01 
2.5699999999999998e+00 	 2.1049502738404224e-01 
2.5800000000000001e+00 	 2.0640887889752757e-01 
2.5899999999999999e+00 	 2.0233372265917998e-01 
2.6000000000000001e+00 	 1.9826975839287084e-01 
2.6099999999999999e+00 	 1.9421718476936914e-01 
2.6200000000000001e+00 	 1.9017619939383151e-01 
2.6299999999999999e+00 	 1.8614699879338387e-01 
2.6400000000000001e+00 	 1.8212977840479100e-01 
2.6499999999999999e+00 	 1.7812473256221986e-01 
2.6600000000000001e+00 	 1.7413205448509217e-01 
2.6699999999999999e+00 	 1.7015193626603239e-01 
2.6800000000000002e+00 	 1.6618456885890714e-01 
2.6899999999999999e+00 	 1.6223014206696146e-01 
2.7000000000000002e+00 	 1.5828884453104805e-01 
2.7100000000000000e+00 	 1.5436086371795535e-01 
2.7200000000000002e+00 	 1.5044638590882989e-01 
2.7300000000000000e+00 	 1.4654559618769947e-01 
2.7400000000000002e+00 	 1.4265867843009203e-01 
2.7500000000000000e+00 	 1.3878581529175696e-01 
2.7600000000000002e+00 	 1.3492718819748381e-01 
2.7700000000000000e+00 	 1.3108297733002466e-01 
2.7800000000000002e+00 	 1.2725336161911607e-01 
2.7900000000000000e+00 	 1.2343851873060573e-01 
2.8000000000000003e+00 	 1.1963862505568022e-01 
2.8100000000000001e+00 	 1.1585385570019929e-01 
2.8199999999999998e+00 	 1.1208438447413256e-01 
2.8300000000000001e+00 	 1.0833038388110351e-01 
2.8399999999999999e+00 	 1.0459202510803958e-01 
2.8500000000000001e+00 	 1.0086947801492785e-01 
2.8599999999999999e+00 	 9.7162911124680701e-02 
2.8700000000000001e+00 	 9.3472491613107278e-02 
2.8799999999999999e+00 	 8.9798385298996822e-02 
2.8900000000000001e+00 	 8.6140756634308840e-02 
2.8999999999999999e+00 	 8.2499768694476699e-02 
2.9100000000000001e+00 	 7.8875583168819305e-02 
2.9199999999999999e+00 	 7.5268360351067445e-02 
2.9300000000000002e+00 	 7.1678259129999713e-02 
2.9399999999999999e+00 	 6.8105436980194056e-02 
2.9500000000000002e+00 	 6.4550049952890515e-02 
2.9600000000000000e+00 	 6.1012252666970579e-02 
2.9700000000000002e+00 	 5.7492198300048925e-02 
2.9800000000000000e+00 	 5.3990038579683139e-02 
2.9900000000000002e+00 	 5.0505923774696933e-02 
3.0000000000000000e+00 	 4.7040002686622402e-02 
3.0100000000000002e+00 	 4.3592422641257067e-02 
3.0200000000000000e+00 	 4.0163329480340980e-02 
3.0300000000000002e+00 	 3.6752867553349694e-02 
3.0400000000000000e+00 	 3.3361179709408502e-02 
3.0500000000000003e+00 	 2.9988407289323522e-02 
3.0600000000000001e+00 	 2.6634690117735005e-02 
3.0700000000000003e+00 	 2.3300166495388682e-02 
3.0800000000000001e+00 	 1.9984973191530243e-02 
3.0899999999999999e+00 	 1.6689245436418976e-02 
3.1000000000000001e+00 	 1.3413116913964674e-02 
3.1099999999999999e+00 	 1.0156719754486784e-02 
3.1200000000000001e+00 	 6.9201845275948587e-03 
3.1299999999999999e+00 	 3.7036402351943373e-03 
3.1400000000000001e+00 	 5.0721430461363951e-04 
3.1499999999999999e+00 	 -2.6689674181424186e-03 
3.1600000000000001e+00 	 -5.8247806750170274e-03 
3.1699999999999999e+00 	 -8.9601028023986728e-03 
3.1800000000000002e+00 	 -1.2074812737495401e-02 
3.1899999999999999e+00 	 -1.5168791024581239e-02 
3.2000000000000002e+00 	 -1.8241919821118776e-02 
3.2100000000000000e+00 	 -2.1294082903753203e-02 
3.2200000000000002e+00 	 -2.4325165674181769e-02 
3.2300000000000000e+00 	 -2.7335055164893991e-02 
3.2400000000000002e+00 	 -3.0323640044786628e-02 
3.2500000000000000e+00 	 -3.3290810624648733e-02 
3.2600000000000002e+00 	 -3.6236458862520797e-02 
3.2700000000000000e+00 	 -3.9160478368923453e-02 
3.2800000000000002e+00 	 -4.2062764411959531e-02 
3.2900000000000000e+00 	 -4.4943213922285265e-02 
3.3000000000000003e+00 	 -4.7801725497954133e-02 
3.3100000000000001e+00 	 -5.0638199409129406e-02 
3.3200000000000003e+00 	 -5.3452537602668847e-02 
3.3300000000000001e+00 	 -5.6244643706577530e-02 
3.3399999999999999e+00 	 -5.9014423034332290e-02 
3.3500000000000001e+00 	 -6.1761782589074554e-02 
3.3599999999999999e+00 	 -6.4486631067672509e-02 
3.3700000000000001e+00 	 -6.7188878864653745e-02 
3.3799999999999999e+00 	 -6.9868438076005027e-02 
3.3900000000000001e+00 	 -7.2525222502842782e-02 
3.3999999999999999e+00 	 -7.5159147654950367e-02 
3.4100000000000001e+00 	 -7.7770130754185735e-02 
3.4199999999999999e+00 	 -8.0358090737755558e-02 
3.4300000000000002e+00 	 -8.2922948261359333e-02 
3.4399999999999999e+00 	 -8.5464625702199884e-02 
3.4500000000000002e+00 	 -8.7983047161863573e-02 
3.4600000000000000e+00 	 -9.0478138469066535e-02 
3.4700000000000002e+00 	 -9.2949827182270586e-02 
3.4800000000000000e+00 	 -9.5398042592164972e-02 
3.4900000000000002e+00 	 -9.7822715724017462e-02 
3.5000000000000000e+00 	 -1.0022377933989138e-01 
3.5100000000000002e+00 	 -1.0260116794073178e-01 
3.5200000000000000e+00 	 -1.0495481776831736e-01 
3.5300000000000002e+00 	 -1.0728466680708160e-01 
3.5400000000000000e+00 	 -1.0959065478579952e-01 
3.5500000000000003e+00 	 -1.1187272317914371e-01 
3.5600000000000001e+00 	 -1.1413081520910584e-01 
3.5700000000000003e+00 	 -1.1636487584628746e-01 
3.5800000000000001e+00 	 -1.1857485181105659e-01 
3.5899999999999999e+00 	 -1.2076069157457318e-01 
3.6000000000000001e+00 	 -1.2292234535968123e-01 
3.6099999999999999e+00 	 -1.2505976514166847e-01 
3.6200000000000001e+00 	 -1.2717290464889455e-01 
3.6299999999999999e+00 	 -1.2926171936328570e-01 
3.6400000000000001e+00 	 -1.3132616652069859e-01 
3.6499999999999999e+00 	 -1.3336620511115052e-01 
3.6600000000000001e+00 	 -1.3538179587891938e-01 
3.6699999999999999e+00 	 -1.3737290132250993e-01 
3.6800000000000002e+00 	 -1.3933948569449014e-01 
3.6899999999999999e+00 	 -1.4128151500119418e-01 
3.7000000000000002e+00 	 -1.4319895700229551e-01 
3.7100000000000000e+00 	 -1.4509178121024735e-01 
3.7200000000000002e+00 	 -1.4695995888959332e-01 
3.7300000000000000e+00 	 -1.4880346305614581e-01 
3.7400000000000002e+00 	 -1.5062226847603477e-01 
3.7500000000000000e+00 	 -1.5241635166462500e-01 
3.7600000000000002e+00 	 -1.5418569088530401e-01 
3.7700000000000000e+00 	 -1.5593026614813865e-01 
3.7800000000000002e+00 	 -1.5765005920840322e-01 
3.7900000000000000e+00 	 -1.5934505356497641e-01 
3.8000000000000003e+00 	 -1.6101523445861032e-01 
3.8100000000000001e+00 	 -1.6266058887006909e-01 
3.8200000000000003e+00 	 -1.6428110551813968e-01 
3.8300000000000001e+00 	 -1.6587677485751320e-01 
3.8399999999999999e+00 	 -1.6744758907653876e-01 
3.8500000000000001e+00 	 -1.6899354209484865e-01 
3.8599999999999999e+00 	 -1.7051462956085620e-01 
3.8700000000000001e+00 	 -1.7201084884912640e-01 
3.8799999999999999e+00 	 -1.7348219905761900e-01 
3.8900000000000001e+00 	 -1.7492868100480566e-01 
3.8999999999999999e+00 	 -1.7635029722665996e-01 
3.9100000000000001e+00 	 -1.7774705197352222e-01 
3.9199999999999999e+00 	 -1.7911895120683813e-01 
3.9300000000000002e+00 	 -1.8046600259577256e-01 
3.9399999999999999e+00 	 -1.8178821551369811e-01 
3.9500000000000002e+00 	 -1.8308560103456001e-01 
3.9600000000000000e+00 	 -1.8435817192911605e-01 
3.9700000000000002e+00 	 -1.8560594266105374e-01 
3.9800000000000000e+00 	 -1.8682892938298357e-01 
3.9900000000000002e+00 	 -1.8802714993231051e-01 
4.0000000000000000e+00 	 -1.8920062382698205e-01 
4.0099999999999998e+00 	 -1.9034937226111556e-01 
4.0200000000000005e+00 	 -1.9147341810050356e-01 
4.0300000000000002e+00 	 -1.9257278587799809e-01 
4.0400000000000000e+00 	 -1.9364750178877543e-01 
4.0499999999999998e+00 	 -1.9469759368548026e-01 
4.0600000000000005e+00 	 -1.9572309107325056e-01 
4.0700000000000003e+00 	 -1.9672402510462350e-01 
4.0800000000000001e+00 	 -1.9770042857432366e-01 
4.0899999999999999e+00 	 -1.9865233591393258e-01 
4.0999999999999996e+00 	 -1.9957978318644154e-01 
4.1100000000000003e+00 	 -2.0048280808068752e-01 
4.1200000000000001e+00 	 -2.0136144990567253e-01 
4.1299999999999999e+00 	 -2.0221574958476840e-01 
4.1399999999999997e+00 	 -2.0304574964980546e-01 
4.1500000000000004e+00 	 -2.0385149423504734e-01 
4.1600000000000001e+00 	 -2.0463302907105155e-01 
4.1699999999999999e+00 	 -2.0539040147841756e-01 
4.1799999999999997e+00 	 -2.0612366036142118e-01 
4.1900000000000004e+00 	 -2.0683285620153799e-01 
4.2000000000000002e+00 	 -2.0751804105085433e-01 
4.2100000000000000e+00 	 -2.0817926852536850e-01 
4.2199999999999998e+00 	 -2.0881659379818138e-01 
4.2300000000000004e+00 	 -2.0943007359257745e-01 
4.2400000000000002e+00 	 -2.1001976617499729e-01 
4.2500000000000000e+00 	 -2.1058573134790201e-01 
4.2599999999999998e+00 	 -2.1112803044252998e-01 
4.2700000000000005e+00 	 -2.1164672631154696e-01 
4.2800000000000002e+00 	 -2.1214188332159004e-01 
4.2900000000000000e+00 	 -2.1261356734570638e-01 
4.2999999999999998e+00 	 -2.1306184575568721e-01 
4.3100000000000005e+00 	 -2.1348678741429788e-01 
4.3200000000000003e+00 	 -2.1388846266740461e-01 
4.3300000000000001e+00 	 -2.1426694333599897e-01 
4.3399999999999999e+00 	 -2.1462230270812041e-01 
4.3500000000000005e+00 	 -2.1495461553067799e-01 
4.3600000000000003e+00 	 -2.1526395800117151e-01 
4.3700000000000001e+00 	 -2.1555040775931372e-01 
4.3799999999999999e+00 	 -2.1581404387855327e-01 
4.3899999999999997e+00 	 -2.1605494685750015e-01 
4.4000000000000004e+00 	 -2.1627319861125363e-01 
4.4100000000000001e+00 	 -2.1646888246263410e-01 
4.4199999999999999e+00 	 -2.1664208313331926e-01 
4.4299999999999997e+00 	 -2.1679288673488564e-01 
4.4400000000000004e+00 	 -2.1692138075975598e-01 
4.4500000000000002e+00 	 -2.1702765407205366e-01 
4.4600000000000000e+00 	 -2.1711179689836485e-01 
4.4699999999999998e+00 	 -2.1717390081840904e-01 
4.4800000000000004e+00 	 -2.1721405875561914e-01 
4.4900000000000002e+00 	 -2.1723236496763174e-01 
4.5000000000000000e+00 	 -2.1722891503668823e-01 
4.5099999999999998e+00 	 -2.1720380585994831e-01 
4.5200000000000005e+00 	 -2.1715713563971581e-01 
4.5300000000000002e+00 	 -2.1708900387357852e-01 
4.5400000000000000e+00 	 -2.1699951134446244e-01 
4.5499999999999998e+00 	 -2.1688876011060143e-01 
4.5600000000000005e+00 	 -2.1675685349542334e-01 
4.5700000000000003e+00 	 -2.1660389607735314e-01 
4.5800000000000001e+00 	 -2.1642999367953428e-01 
4.5899999999999999e+00 	 -2.1623525335946911e-01 
4.6000000000000005e+00 	 -2.1601978339857922e-01 
4.6100000000000003e+00 	 -2.1578369329168667e-01 
4.6200000000000001e+00 	 -2.1552709373641674e-01 
4.6299999999999999e+00 	 -2.1525009662252387e-01 
4.6399999999999997e+00 	 -2.1495281502114080e-01 
4.6500000000000004e+00 	 -2.1463536317395254e-01 
4.6600000000000001e+00 	 -2.1429785648229588e-01 
4.6699999999999999e+00 	 -2.1394041149618517e-01 
4.6799999999999997e+00 	 -2.1356314590326583e-01 
4.6900000000000004e+00 	 -2.1316617851769593e-01 
4.7000000000000002e+00 	 -2.1274962926895760e-01 
4.7100000000000000e+00 	 -2.1231361919059830e-01 
4.7199999999999998e+00 	 -2.1185827040890351e-01 
4.7300000000000004e+00 	 -2.1138370613150195e-01 
4.7400000000000002e+00 	 -2.1089005063590410e-01 
4.7500000000000000e+00 	 -2.1037742925797431e-01 
4.7599999999999998e+00 	 -2.0984596838033912e-01 
4.7700000000000005e+00 	 -2.0929579542073112e-01 
4.7800000000000002e+00 	 -2.0872703882027055e-01 
4.7900000000000000e+00 	 -2.0813982803168465e-01 
4.7999999999999998e+00 	 -2.0753429350746683e-01 
4.8100000000000005e+00 	 -2.0691056668797556e-01 
4.8200000000000003e+00 	 -2.0626877998947538e-01 
4.8300000000000001e+00 	 -2.0560906679211913e-01 
4.8399999999999999e+00 	 -2.0493156142787453e-01 
4.8500000000000005e+00 	 -2.0423639916839445e-01 
4.8600000000000003e+00 	 -2.0352371621283327e-01 
4.8700000000000001e+00 	 -2.0279364967560889e-01 
4.8799999999999999e+00 	 -2.0204633757411278e-01 
4.8899999999999997e+00 	 -2.0128191881636842e-01 
4.9000000000000004e+00 	 -2.0050053318863928e-01 
4.9100000000000001e+00 	 -1.9970232134298754e-01 
4.9199999999999999e+00 	 -1.9888742478478424e-01 
4.9299999999999997e+00 	 -1.9805598586017237e-01 
4.9400000000000004e+00 	 -1.9720814774348361e-01 
4.9500000000000002e+00 	 -1.9634405442461025e-01 
4.9600000000000000e+00 	 -1.9546385069633243e-01 
4.9699999999999998e+00 	 -1.9456768214160283e-01 
4.9800000000000004e+00 	 -1.9365569512078923e-01 
4.9900000000000002e+00 	 -1.9272803675887643e-01 
5.0000000000000000e+00 	 -1.9178485493262770e-01 
5.0099999999999998e+00 	 -1.9082629825770822e-01 
5.0200000000000005e+00 	 -1.8985251607577039e-01 
5.0300000000000002e+00 	 -1.8886365844150313e-01 
5.0400000000000000e+00 	 -1.8785987610964464e-01 
5.0499999999999998e+00 	 -1.8684132052196170e-01 
5.0600000000000005e+00 	 -1.8580814379419530e-01 
5.0700000000000003e+00 	 -1.8476049870297415e-01 
5.0800000000000001e+00 	 -1.8369853867269637e-01 
5.0899999999999999e+00 	 -1.8262241776238214e-01 
5.1000000000000005e+00 	 -1.8153229065249649e-01 
5.1100000000000003e+00 	 -1.8042831263174486e-01 
5.1200000000000001e+00 	 -1.7931063958384119e-01 
5.1299999999999999e+00 	 -1.7817942797425088e-01 
5.1399999999999997e+00 	 -1.7703483483690868e-01 
5.1500000000000004e+00 	 -1.7587701776091347e-01 
5.1600000000000001e+00 	 -1.7470613487720055e-01 
5.1699999999999999e+00 	 -1.7352234484519197e-01 
5.1799999999999997e+00 	 -1.7232580683942755e-01 
5.1900000000000004e+00 	 -1.7111668053617615e-01 
5.2000000000000002e+00 	 -1.6989512610002944e-01 
5.2100000000000000e+00 	 -1.6866130417047789e-01 
5.2199999999999998e+00 	 -1.6741537584847171e-01 
5.2300000000000004e+00 	 -1.6615750268296672e-01 
5.2400000000000002e+00 	 -1.6488784665745693e-01 
5.2500000000000000e+00 	 -1.6360657017649372e-01 
5.2599999999999998e+00 	 -1.6231383605219457e-01 
5.2700000000000005e+00 	 -1.6100980749074081e-01 
5.2800000000000002e+00 	 -1.5969464807886680e-01 
5.2900000000000000e+00 	 -1.5836852177033983e-01 
5.2999999999999998e+00 	 -1.5703159287243421e-01 
5.3100000000000005e+00 	 -1.5568402603239842e-01 
5.3200000000000003e+00 	 -1.5432598622391860e-01 
5.3300000000000001e+00 	 -1.5295763873357662e-01 
5.3399999999999999e+00 	 -1.5157914914730702e-01 
5.3500000000000005e+00 	 -1.5019068333685145e-01 
5.3600000000000003e+00 	 -1.4879240744621347e-01 
5.3700000000000001e+00 	 -1.4738448787811284e-01 
5.3799999999999999e+00 	 -1.4596709128044250e-01 
5.3899999999999997e+00 	 -1.4454038453272786e-01 
5.4000000000000004e+00 	 -1.4310453473259022e-01 
5.4100000000000001e+00 	 -1.4165970918221524e-01 
5.4199999999999999e+00 	 -1.4020607537482677e-01 
5.4299999999999997e+00 	 -1.3874380098116879e-01 
5.4400000000000004e+00 	 -1.3727305383599489e-01 
5.4500000000000002e+00 	 -1.3579400192456778e-01 
5.4600000000000000e+00 	 -1.3430681336916786e-01 
5.4699999999999998e+00 	 -1.3281165641561485e-01 
5.4800000000000004e+00 	 -1.3130869941980064e-01 
5.4900000000000002e+00 	 -1.2979811083423706e-01 
5.5000000000000000e+00 	 -1.2828005919461671e-01 
5.5099999999999998e+00 	 -1.2675471310639086e-01 
5.5200000000000005e+00 	 -1.2522224123136347e-01 
5.5300000000000002e+00 	 -1.2368281227430392e-01 
5.5400000000000000e+00 	 -1.2213659496957706e-01 
5.5499999999999998e+00 	 -1.2058375806779496e-01 
5.5600000000000005e+00 	 -1.1902447032248864e-01 
5.5700000000000003e+00 	 -1.1745890047680276e-01 
5.5800000000000001e+00 	 -1.1588721725021209e-01 
5.5899999999999999e+00 	 -1.1430958932526364e-01 
5.6000000000000005e+00 	 -1.1272618533434300e-01 
5.6100000000000003e+00 	 -1.1113717384646797e-01 
5.6200000000000001e+00 	 -1.0954272335410789e-01 
5.6299999999999999e+00 	 -1.0794300226003301e-01 
5.6399999999999997e+00 	 -1.0633817886419217e-01 
5.6500000000000004e+00 	 -1.0472842135062112e-01 
5.6600000000000001e+00 	 -1.0311389777438291e-01 
5.6699999999999999e+00 	 -1.0149477604853918e-01 
5.6799999999999997e+00 	 -9.9871223931156453e-02 
5.6900000000000004e+00 	 -9.8243409012346003e-02 
5.7000000000000002e+00 	 -9.6611498701339921e-02 
5.7100000000000000e+00 	 -9.4975660213602417e-02 
5.7199999999999998e+00 	 -9.3336060557979772e-02 
5.7300000000000004e+00 	 -9.1692866523888181e-02 
5.7400000000000002e+00 	 -9.0046244668541595e-02 
5.7500000000000000e+00 	 -8.8396361304218851e-02 
5.7599999999999998e+00 	 -8.6743382485573339e-02 
5.7700000000000005e+00 	 -8.5087473996984561e-02 
5.7800000000000002e+00 	 -8.3428801339953548e-02 
5.7900000000000000e+00 	 -8.1767529720541465e-02 
5.7999999999999998e+00 	 -8.0103824036854718e-02 
5.8100000000000005e+00 	 -7.8437848866575677e-02 
5.8200000000000003e+00 	 -7.6769768454541240e-02 
5.8300000000000001e+00 	 -7.5099746700368245e-02 
5.8399999999999999e+00 	 -7.3427947146129435e-02 
5.8500000000000005e+00 	 -7.1754532964078438e-02 
5.8600000000000003e+00 	 -7.0079666944426758e-02 
5.8700000000000001e+00 	 -6.8403511483171142e-02 
5.8799999999999999e+00 	 -6.6726228569975149e-02 
5.8899999999999997e+00 	 -6.5047979776103798e-02 
5.9000000000000004e+00 	 -6.3368926242412874e-02 
5.9100000000000001e+00 	 -6.1689228667394472e-02 
5.9199999999999999e+00 	 -6.0009047295277472e-02 
5.9299999999999997e+00 	 -5.8328541904186987e-02 
5.9400000000000004e+00 	 -5.6647871794360975e-02 
5.9500000000000002e+00 	 -5.4967195776426996e-02 
5.9600000000000000e+00 	 -5.3286672159737390e-02 
5.9699999999999998e+00 	 -5.1606458740766858e-02 
5.9800000000000004e+00 	 -4.9926712791570828e-02 
5.9900000000000002e+00 	 -4.8247591048307364e-02 
6.0000000000000000e+00 	 -4.6569249699820979e-02 
6.0099999999999998e+00 	 -4.4891844376292213e-02 
6.0200000000000005e+00 	 -4.3215530137951506e-02 
6.0300000000000002e+00 	 -4.1540461463859854e-02 
6.0400000000000000e+00 	 -3.9866792240754831e-02 
6.0499999999999998e+00 	 -3.8194675751965661e-02 
6.0600000000000005e+00 	 -3.6524264666395821e-02 
6.0700000000000003e+00 	 -3.4855711027575786e-02 
6.0800000000000001e+00 	 -3.3189166242784354e-02 
6.0899999999999999e+00 	 -3.1524781072242207e-02 
6.1000000000000005e+00 	 -2.9862705618376229e-02 
6.1100000000000003e+00 	 -2.8203089315157158e-02 
6.1200000000000001e+00 	 -2.6546080917508853e-02 
6.1299999999999999e+00 	 -2.4891828490793008e-02 
6.1400000000000006e+00 	 -2.3240479400367706e-02 
6.1500000000000004e+00 	 -2.1592180301222234e-02 
6.1600000000000001e+00 	 -1.9947077127686695e-02 
6.1699999999999999e+00 	 -1.8305315083219996e-02 
6.1799999999999997e+00 	 -1.6667038630274734e-02 
6.1900000000000004e+00 	 -1.5032391480240532e-02 
6.2000000000000002e+00 	 -1.3401516583467160e-02 
6.2100000000000000e+00 	 -1.1774556119366036e-02 
6.2199999999999998e+00 	 -1.0151651486593694e-02 
6.2300000000000004e+00 	 -8.5329432933155900e-03 
6.2400000000000002e+00 	 -6.9185713475526725e-03 
6.2500000000000000e+00 	 -5.3086746476090907e-03 
6.2599999999999998e+00 	 -3.7033913725845768e-03 
6.2700000000000005e+00 	 -2.1028588729698964e-03 
6.2800000000000002e+00 	 -5.0721366132770544e-04 
6.2900000000000000e+00 	 1.0834085969427941e-03 
6.2999999999999998e+00 	 2.6688730927539226e-03 
6.3100000000000005e+00 	 4.2490458823919545e-03 
6.3200000000000003e+00 	 5.8237938964916004e-03 
6.3300000000000001e+00 	 7.3929849489241528e-03 
6.3399999999999999e+00 	 8.9564877455959070e-03 
6.3500000000000005e+00 	 1.0514171893158479e-02 
6.3600000000000003e+00 	 1.2065907907628761e-02 
6.3700000000000001e+00 	 1.3611567222920146e-02 
6.3799999999999999e+00 	 1.5151022199281699e-02 
6.3900000000000006e+00 	 1.6684146131646878e-02 
6.4000000000000004e+00 	 1.8210813257889629e-02 
6.4100000000000001e+00 	 1.9730898766989500e-02 
6.4199999999999999e+00 	 2.1244278807102435e-02 
6.4299999999999997e+00 	 2.2750830493538873e-02 
6.4400000000000004e+00 	 2.4250431916647809e-02 
6.4500000000000002e+00 	 2.5742962149605770e-02 
6.4600000000000000e+00 	 2.7228301256112076e-02 
6.4699999999999998e+00 	 2.8706330297987307e-02 
6.4800000000000004e+00 	 3.0176931342676579e-02 
6.4900000000000002e+00 	 3.1639987470655564e-02 
6.5000000000000000e+00 	 3.3095382782740851e-02 
6.5099999999999998e+00 	 3.4543002407301647e-02 
6.5200000000000005e+00 	 3.5982732507374354e-02 
6.5300000000000002e+00 	 3.7414460287678059e-02 
6.5400000000000000e+00 	 3.8838074001532587e-02 
6.5499999999999998e+00 	 4.0253462957676088e-02 
6.5600000000000005e+00 	 4.1660517526983729e-02 
6.5700000000000003e+00 	 4.3059129149085683e-02 
6.5800000000000001e+00 	 4.4449190338885974e-02 
6.5899999999999999e+00 	 4.5830594692979114e-02 
6.6000000000000005e+00 	 4.7203236895966463e-02 
6.6100000000000003e+00 	 4.8567012726670161e-02 
6.6200000000000001e+00 	 4.9921819064246364e-02 
6.6299999999999999e+00 	 5.1267553894194982e-02 
6.6400000000000006e+00 	 5.2604116314267424e-02 
6.6500000000000004e+00 	 5.3931406540270732e-02 
6.6600000000000001e+00 	 5.5249325911769467e-02 
6.6699999999999999e+00 	 5.6557776897682821e-02 
6.6799999999999997e+00 	 5.7856663101778345e-02 
6.6900000000000004e+00 	 5.9145889268061400e-02 
6.7000000000000002e+00 	 6.0425361286059444e-02 
6.7100000000000000e+00 	 6.1694986196002680e-02 
6.7199999999999998e+00 	 6.2954672193898345e-02 
6.7300000000000004e+00 	 6.4204328636500316e-02 
6.7400000000000002e+00 	 6.5443866046172458e-02 
6.7500000000000000e+00 	 6.6673196115647052e-02 
6.7599999999999998e+00 	 6.7892231712676082e-02 
6.7700000000000005e+00 	 6.9100886884576704e-02 
6.7800000000000002e+00 	 7.0299076862669535e-02 
6.7900000000000000e+00 	 7.1486718066611235e-02 
6.7999999999999998e+00 	 7.2663728108618847e-02 
6.8100000000000005e+00 	 7.3830025797587767e-02 
6.8200000000000003e+00 	 7.4985531143101525e-02 
6.8300000000000001e+00 	 7.6130165359335089e-02 
6.8399999999999999e+00 	 7.7263850868849529e-02 
6.8500000000000005e+00 	 7.8386511306279077e-02 
6.8600000000000003e+00 	 7.9498071521909908e-02 
6.8700000000000001e+00 	 8.0598457585151481e-02 
6.8799999999999999e+00 	 8.1687596787898692e-02 
6.8900000000000006e+00 	 8.2765417647786152e-02 
6.9000000000000004e+00 	 8.3831849911333342e-02 
6.9100000000000001e+00 	 8.4886824556982113e-02 
6.9199999999999999e+00 	 8.5930273798024370e-02 
6.9299999999999997e+00 	 8.6962131085421696e-02 
6.9400000000000004e+00 	 8.7982331110515719e-02 
6.9500000000000002e+00 	 8.8990809807629342e-02 
6.9600000000000000e+00 	 8.9987504356559750e-02 
6.9699999999999998e+00 	 9.0972353184961469e-02 
6.9800000000000004e+00 	 9.1945295970620872e-02 
6.9900000000000002e+00 	 9.2906273643621057e-02 
7.0000000000000000e+00 	 9.3855228388398437e-02 
7.0099999999999998e+00 	 9.4792103645689310e-02 
7.0200000000000005e+00 	 9.5716844114367816e-02 
7.0300000000000002e+00 	 9.6629395753174224e-02 
7.0400000000000000e+00 	 9.7529705782335011e-02 
7.0499999999999998e+00 	 9.8417722685072859e-02 
7.0600000000000005e+00 	 9.9293396209008303e-02 
7.0700000000000003e+00 	 1.0015667736745174e-01 
7.0800000000000001e+00 	 1.0100751844058727e-01 
7.0899999999999999e+00 	 1.0184587297654703e-01 
7.1000000000000005e+00 	 1.0267169579237696e-01 
7.1100000000000003e+00 	 1.0348494297489361e-01 
7.1200000000000001e+00 	 1.0428557188143284e-01 
7.1299999999999999e+00 	 1.0507354114048939e-01 
7.1400000000000006e+00 	 1.0584881065224849e-01 
7.1500000000000004e+00 	 1.0661134158900856e-01 
7.1600000000000001e+00 	 1.0736109639549662e-01 
7.1699999999999999e+00 	 1.0809803878907490e-01 
7.1799999999999997e+00 	 1.0882213375983985e-01 
7.1900000000000004e+00 	 1.0953334757061348e-01 
7.2000000000000002e+00 	 1.1023164775682681e-01 
7.2100000000000000e+00 	 1.1091700312629656e-01 
7.2199999999999998e+00 	 1.1158938375889381e-01 
7.2300000000000004e+00 	 1.1224876100610633e-01 
7.2400000000000002e+00 	 1.1289510749049349e-01 
7.2500000000000000e+00 	 1.1352839710503525e-01 
7.2599999999999998e+00 	 1.1414860501237402e-01 
7.2700000000000005e+00 	 1.1475570764395095e-01 
7.2800000000000002e+00 	 1.1534968269903570e-01 
7.2900000000000000e+00 	 1.1593050914365122e-01 
7.2999999999999998e+00 	 1.1649816720939239e-01 
7.3100000000000005e+00 	 1.1705263839214007e-01 
7.3200000000000003e+00 	 1.1759390545066961e-01 
7.3300000000000001e+00 	 1.1812195240515551e-01 
7.3399999999999999e+00 	 1.1863676453557100e-01 
7.3500000000000005e+00 	 1.1913832837998402e-01 
7.3600000000000003e+00 	 1.1962663173274923e-01 
7.3700000000000001e+00 	 1.2010166364259678e-01 
7.3799999999999999e+00 	 1.2056341441061784e-01 
7.3900000000000006e+00 	 1.2101187558814733e-01 
7.4000000000000004e+00 	 1.2144703997454417e-01 
7.4100000000000001e+00 	 1.2186890161486974e-01 
7.4199999999999999e+00 	 1.2227745579746414e-01 
7.4299999999999997e+00 	 1.2267269905142145e-01 
7.4400000000000004e+00 	 1.2305462914396365e-01 
7.4500000000000002e+00 	 1.2342324507771418e-01 
7.4600000000000000e+00 	 1.2377854708787117e-01 
7.4699999999999998e+00 	 1.2412053663928072e-01 
7.4800000000000004e+00 	 1.2444921642341090e-01 
7.4900000000000002e+00 	 1.2476459035522644e-01 
7.5000000000000000e+00 	 1.2506666356996518e-01 
7.5099999999999998e+00 	 1.2535544241981603e-01 
7.5200000000000005e+00 	 1.2563093447049922e-01 
7.5300000000000002e+00 	 1.2589314849774932e-01 
7.5400000000000000e+00 	 1.2614209448370145e-01 
7.5499999999999998e+00 	 1.2637778361318078e-01 
7.5600000000000005e+00 	 1.2660022826989645e-01 
7.5700000000000003e+00 	 1.2680944203253977e-01 
7.5800000000000001e+00 	 1.2700543967078762e-01 
7.5899999999999999e+00 	 1.2718823714121105e-01 
7.6000000000000005e+00 	 1.2735785158309032e-01 
7.6100000000000003e+00 	 1.2751430131413599e-01 
7.6200000000000001e+00 	 1.2765760582611729e-01 
7.6299999999999999e+00 	 1.2778778578039793e-01 
7.6400000000000006e+00 	 1.2790486300337997e-01 
7.6500000000000004e+00 	 1.2800886048185620e-01 
7.6600000000000001e+00 	 1.2809980235827181e-01 
7.6699999999999999e+00 	 1.2817771392589555e-01 
7.6799999999999997e+00 	 1.2824262162390115e-01 
7.6900000000000004e+00 	 1.2829455303235968e-01 
7.7000000000000002e+00 	 1.2833353686714291e-01 
7.7100000000000000e+00 	 1.2835960297473903e-01 
7.7199999999999998e+00 	 1.2837278232698054e-01 
7.7300000000000004e+00 	 1.2837310701568530e-01 
7.7400000000000002e+00 	 1.2836061024721135e-01 
7.7500000000000000e+00 	 1.2833532633692596e-01 
7.7599999999999998e+00 	 1.2829729070358953e-01 
7.7700000000000005e+00 	 1.2824653986365517e-01 
7.7800000000000002e+00 	 1.2818311142548405e-01 
7.7900000000000000e+00 	 1.2810704408347795e-01 
7.7999999999999998e+00 	 1.2801837761212884e-01 
7.8100000000000005e+00 	 1.2791715285998667e-01 
7.8200000000000003e+00 	 1.2780341174354576e-01 
7.8300000000000001e+00 	 1.2767719724105056e-01 
7.8399999999999999e+00 	 1.2753855338622133e-01 
7.8500000000000005e+00 	 1.2738752526190047e-01 
7.8600000000000003e+00 	 1.2722415899362030e-01 
7.8700000000000001e+00 	 1.2704850174309262e-01 
7.8799999999999999e+00 	 1.2686060170162108e-01 
7.8900000000000006e+00 	 1.2666050808343687e-01 
7.9000000000000004e+00 	 1.2644827111895848e-01 
7.9100000000000001e+00 	 1.2622394204797616e-01 
7.9199999999999999e+00 	 1.2598757311276190e-01 
7.9300000000000006e+00 	 1.2573921755110554e-01 
7.9400000000000004e+00 	 1.2547892958927778e-01 
7.9500000000000002e+00 	 1.2520676443492074e-01 
7.9600000000000000e+00 	 1.2492277826986689e-01 
7.9699999999999998e+00 	 1.2462702824288706e-01 
7.9800000000000004e+00 	 1.2431957246236816e-01 
7.9900000000000002e+00 	 1.2400046998892159e-01 
8.0000000000000000e+00 	 1.2366978082792272e-01 
8.0099999999999998e+00 	 1.2332756592198253e-01 
8.0199999999999996e+00 	 1.2297388714335208e-01 
8.0299999999999994e+00 	 1.2260880728626042e-01 
8.0400000000000009e+00 	 1.2223239005918678e-01 
8.0500000000000007e+00 	 1.2184470007706825e-01 
8.0600000000000005e+00 	 1.2144580285344259e-01 
8.0700000000000003e+00 	 1.2103576479252832e-01 
8.0800000000000001e+00 	 1.2061465318124195e-01 
8.0899999999999999e+00 	 1.2018253618115353e-01 
8.0999999999999996e+00 	 1.1973948282038104e-01 
8.1099999999999994e+00 	 1.1928556298542478e-01 
8.1200000000000010e+00 	 1.1882084741294220e-01 
8.1300000000000008e+00 	 1.1834540768146447e-01 
8.1400000000000006e+00 	 1.1785931620305455e-01 
8.1500000000000004e+00 	 1.1736264621490909e-01 
8.1600000000000001e+00 	 1.1685547177090370e-01 
8.1699999999999999e+00 	 1.1633786773308309e-01 
8.1799999999999997e+00 	 1.1580990976309657e-01 
8.1899999999999995e+00 	 1.1527167431357994e-01 
8.1999999999999993e+00 	 1.1472323861948454e-01 
8.2100000000000009e+00 	 1.1416468068935413e-01 
8.2200000000000006e+00 	 1.1359607929655118e-01 
8.2300000000000004e+00 	 1.1301751397043167e-01 
8.2400000000000002e+00 	 1.1242906498747161e-01 
8.2500000000000000e+00 	 1.1183081336234427e-01 
8.2599999999999998e+00 	 1.1122284083894973e-01 
8.2699999999999996e+00 	 1.1060522988139754e-01 
8.2799999999999994e+00 	 1.0997806366494330e-01 
8.2900000000000009e+00 	 1.0934142606687984e-01 
8.3000000000000007e+00 	 1.0869540165738473e-01 
8.3100000000000005e+00 	 1.0804007569032303e-01 
8.3200000000000003e+00 	 1.0737553409400864e-01 
8.3300000000000001e+00 	 1.0670186346192329e-01 
8.3399999999999999e+00 	 1.0601915104339481e-01 
8.3499999999999996e+00 	 1.0532748473423532e-01 
8.3599999999999994e+00 	 1.0462695306734035e-01 
8.3700000000000010e+00 	 1.0391764520324957e-01 
8.3800000000000008e+00 	 1.0319965092067085e-01 
8.3900000000000006e+00 	 1.0247306060696641e-01 
8.4000000000000004e+00 	 1.0173796524860480e-01 
8.4100000000000001e+00 	 1.0099445642157756e-01 
8.4199999999999999e+00 	 1.0024262628178196e-01 
8.4299999999999997e+00 	 9.9482567555371090e-02 
8.4399999999999995e+00 	 9.8714373529071794e-02 
8.4499999999999993e+00 	 9.7938138040471495e-02 
8.4600000000000009e+00 	 9.7153955468274489e-02 
8.4700000000000006e+00 	 9.6361920722529901e-02 
8.4800000000000004e+00 	 9.5562129234829568e-02 
8.4900000000000002e+00 	 9.4754676948479818e-02 
8.5000000000000000e+00 	 9.3939660308645909e-02 
8.5099999999999998e+00 	 9.3117176252471012e-02 
8.5199999999999996e+00 	 9.2287322199170102e-02 
8.5299999999999994e+00 	 9.1450196040100157e-02 
8.5400000000000009e+00 	 9.0605896128807054e-02 
8.5500000000000007e+00 	 8.9754521271051144e-02 
8.5600000000000005e+00 	 8.8896170714810083e-02 
8.5700000000000003e+00 	 8.8030944140262940e-02 
8.5800000000000001e+00 	 8.7158941649754060e-02 
8.5899999999999999e+00 	 8.6280263757738673e-02 
8.5999999999999996e+00 	 8.5395011380710859e-02 
8.6099999999999994e+00 	 8.4503285827114957e-02 
8.6200000000000010e+00 	 8.3605188787240922e-02 
8.6300000000000008e+00 	 8.2700822323105716e-02 
8.6400000000000006e+00 	 8.1790288858319210e-02 
8.6500000000000004e+00 	 8.0873691167938494e-02 
8.6600000000000001e+00 	 7.9951132368309516e-02 
8.6699999999999999e+00 	 7.9022715906897426e-02 
8.6799999999999997e+00 	 7.8088545552106772e-02 
8.6899999999999995e+00 	 7.7148725383092323e-02 
8.7000000000000011e+00 	 7.6203359779561136e-02 
8.7100000000000009e+00 	 7.5252553411568002e-02 
8.7200000000000006e+00 	 7.4296411229302473e-02 
8.7300000000000004e+00 	 7.3335038452871856e-02 
8.7400000000000002e+00 	 7.2368540562078518e-02 
8.7500000000000000e+00 	 7.1397023286193420e-02 
8.7599999999999998e+00 	 7.0420592593726572e-02 
8.7699999999999996e+00 	 6.9439354682195392e-02 
8.7799999999999994e+00 	 6.8453415967891840e-02 
8.7900000000000009e+00 	 6.7462883075649030e-02 
8.8000000000000007e+00 	 6.6467862828609281e-02 
8.8100000000000005e+00 	 6.5468462237991881e-02 
8.8200000000000003e+00 	 6.4464788492865036e-02 
8.8300000000000001e+00 	 6.3456948949920128e-02 
8.8399999999999999e+00 	 6.2445051123250328e-02 
8.8499999999999996e+00 	 6.1429202674134278e-02 
8.8599999999999994e+00 	 6.0409511400825761e-02 
8.8700000000000010e+00 	 5.9386085228349865e-02 
8.8800000000000008e+00 	 5.8359032198308014e-02 
8.8900000000000006e+00 	 5.7328460458689584e-02 
8.9000000000000004e+00 	 5.6294478253694900e-02 
8.9100000000000001e+00 	 5.5257193913567808e-02 
8.9199999999999999e+00 	 5.4216715844439461e-02 
8.9299999999999997e+00 	 5.3173152518184455e-02 
8.9399999999999995e+00 	 5.2126612462289841e-02 
8.9500000000000011e+00 	 5.1077204249737898e-02 
8.9600000000000009e+00 	 5.0025036488904558e-02 
8.9700000000000006e+00 	 4.8970217813471627e-02 
8.9800000000000004e+00 	 4.7912856872357315e-02 
8.9900000000000002e+00 	 4.6853062319663200e-02 
9.0000000000000000e+00 	 4.5790942804639620e-02 
9.0099999999999998e+00 	 4.4726606961670121e-02 
9.0199999999999996e+00 	 4.3660163400275794e-02 
9.0299999999999994e+00 	 4.2591720695140452e-02 
9.0400000000000009e+00 	 4.1521387376157196e-02 
9.0500000000000007e+00 	 4.0449271918498453e-02 
9.0600000000000005e+00 	 3.9375482732707349e-02 
9.0700000000000003e+00 	 3.8300128154815240e-02 
9.0800000000000001e+00 	 3.7223316436483217e-02 
9.0899999999999999e+00 	 3.6145155735169660e-02 
9.0999999999999996e+00 	 3.5065754104324408e-02 
9.1099999999999994e+00 	 3.3985219483610489e-02 
9.1200000000000010e+00 	 3.2903659689153861e-02 
9.1300000000000008e+00 	 3.1821182403823346e-02 
9.1400000000000006e+00 	 3.0737895167538488e-02 
9.1500000000000004e+00 	 2.9653905367610135e-02 
9.1600000000000001e+00 	 2.8569320229111635e-02 
9.1699999999999999e+00 	 2.7484246805282553e-02 
9.1799999999999997e+00 	 2.6398791967965553e-02 
9.1899999999999995e+00 	 2.5313062398077259e-02 
9.2000000000000011e+00 	 2.4227164576113683e-02 
9.2100000000000009e+00 	 2.3141204772692124e-02 
9.2200000000000006e+00 	 2.2055289039127502e-02 
9.2300000000000004e+00 	 2.0969523198047690e-02 
9.2400000000000002e+00 	 1.9884012834045780e-02 
9.2500000000000000e+00 	 1.8798863284371196e-02 
9.2599999999999998e+00 	 1.7714179629660206e-02 
9.2699999999999996e+00 	 1.6630066684706617e-02 
9.2799999999999994e+00 	 1.5546628989273413e-02 
9.2900000000000009e+00 	 1.4463970798945886e-02 
9.3000000000000007e+00 	 1.3382196076028139e-02 
9.3100000000000005e+00 	 1.2301408480480889e-02 
9.3200000000000003e+00 	 1.1221711360905070e-02 
9.3300000000000001e+00 	 1.0143207745569137e-02 
9.3399999999999999e+00 	 9.0660003334819498e-03 
9.3499999999999996e+00 	 7.9901914855117408e-03 
9.3599999999999994e+00 	 6.9158832155519117e-03 
9.3700000000000010e+00 	 5.8431771817341700e-03 
9.3800000000000008e+00 	 4.7721746776908606e-03 
9.3900000000000006e+00 	 3.7029766238643323e-03 
9.4000000000000004e+00 	 2.6356835588678472e-03 
9.4100000000000001e+00 	 1.5703956308958805e-03 
9.4199999999999999e+00 	 5.0721258918561690e-04 
9.4299999999999997e+00 	 -5.5376622446984313e-04 
9.4399999999999995e+00 	 -1.6124418841559050e-03 
9.4500000000000011e+00 	 -2.6687158882180415e-03 
9.4600000000000009e+00 	 -3.7224901675887078e-03 
9.4700000000000006e+00 	 -4.7736670940617589e-03 
9.4800000000000004e+00 	 -5.8221494885099690e-03 
9.4900000000000002e+00 	 -6.8678406290478295e-03 
9.5000000000000000e+00 	 -7.9106442591378220e-03 
9.5099999999999998e+00 	 -8.9504645956397753e-03 
9.5199999999999996e+00 	 -9.9872063368026207e-03 
9.5299999999999994e+00 	 -1.1020774670197964e-02 
9.5400000000000009e+00 	 -1.2051075280595000e-02 
9.5500000000000007e+00 	 -1.3078014357775111e-02 
9.5600000000000005e+00 	 -1.4101498604288231e-02 
9.5700000000000003e+00 	 -1.5121435243146764e-02 
9.5800000000000001e+00 	 -1.6137732025459178e-02 
9.5899999999999999e+00 	 -1.7150297238001606e-02 
9.5999999999999996e+00 	 -1.8159039710727048e-02 
9.6099999999999994e+00 	 -1.9163868824211595e-02 
9.6200000000000010e+00 	 -2.0164694517037313e-02 
9.6300000000000008e+00 	 -2.1161427293110123e-02 
9.6400000000000006e+00 	 -2.2153978228914802e-02 
9.6500000000000004e+00 	 -2.3142258980702993e-02 
9.6600000000000001e+00 	 -2.4126181791616397e-02 
9.6699999999999999e+00 	 -2.5105659498743469e-02 
9.6799999999999997e+00 	 -2.6080605540109308e-02 
9.6899999999999995e+00 	 -2.7050933961598238e-02 
9.7000000000000011e+00 	 -2.8016559423808676e-02 
9.7100000000000009e+00 	 -2.8977397208838827e-02 
9.7200000000000006e+00 	 -2.9933363227005225e-02 
9.7300000000000004e+00 	 -3.0884374023490167e-02 
9.7400000000000002e+00 	 -3.1830346784920228e-02 
9.7500000000000000e+00 	 -3.2771199345874219e-02 
9.7599999999999998e+00 	 -3.3706850195320402e-02 
9.7699999999999996e+00 	 -3.4637218482982408e-02 
9.7799999999999994e+00 	 -3.5562224025633436e-02 
9.7900000000000009e+00 	 -3.6481787313318449e-02 
9.8000000000000007e+00 	 -3.7395829515502896e-02 
9.8100000000000005e+00 	 -3.8304272487150078e-02 
9.8200000000000003e+00 	 -3.9207038774723285e-02 
9.8300000000000001e+00 	 -4.0104051622114896e-02 
9.8399999999999999e+00 	 -4.0995234976500976e-02 
9.8499999999999996e+00 	 -4.1880513494121085e-02 
9.8599999999999994e+00 	 -4.2759812545982982e-02 
9.8700000000000010e+00 	 -4.3633058223491873e-02 
9.8800000000000008e+00 	 -4.4500177344003036e-02 
9.8900000000000006e+00 	 -4.5361097456299584e-02 
9.9000000000000004e+00 	 -4.6215746845992049e-02 
9.9100000000000001e+00 	 -4.7064054540841664e-02 
9.9199999999999999e+00 	 -4.7905950316006030e-02 
9.9299999999999997e+00 	 -4.8741364699207097e-02 
9.9399999999999995e+00 	 -4.9570228975820953e-02 
9.9500000000000011e+00 	 -5.0392475193889334e-02 
9.9600000000000009e+00 	 -5.1208036169051639e-02 
9.9700000000000006e+00 	 -5.2016845489399270e-02 
9.9800000000000004e+00 	 -5.2818837520249101e-02 
9.9900000000000002e+00 	 -5.3613947408837972e-02 
1.0000000000000000e+01 	 -5.4402111088936979e-02 
1.0010000000000000e+01 	 -5.5183265285385495e-02 
1.0020000000000000e+01 	 -5.5957347518544510e-02 
1.0029999999999999e+01 	 -5.6724296108669178e-02 
1.0040000000000001e+01 	 -5.7484050180200308e-02 
1.0050000000000001e+01 	 -5.8236549665973761e-02 
1.0060000000000000e+01 	 -5.8981735311349578e-02 
1.0070000000000000e+01 	 -5.9719548678257781e-02 
1.0080000000000000e+01 	 -6.0449932149162784e-02 
1.0090000000000000e+01 	 -6.1172828930945215e-02 
1.0100000000000000e+01 	 -6.1888183058701203e-02 
1.0109999999999999e+01 	 -6.2595939399458775e-02 
1.0120000000000001e+01 	 -6.3296043655811429e-02 
1.0130000000000001e+01 	 -6.3988442369467824e-02 
1.0140000000000001e+01 	 -6.4673082924719280e-02 
1.0150000000000000e+01 	 -6.5349913551822458e-02 
1.0160000000000000e+01 	 -6.6018883330298900e-02 
1.0170000000000000e+01 	 -6.6679942192150468e-02 
1.0180000000000000e+01 	 -6.7333040924990650e-02 
1.0190000000000000e+01 	 -6.7978131175091702e-02 
1.0200000000000001e+01 	 -6.8615165450347404e-02 
1.0210000000000001e+01 	 -6.9244097123150744e-02 
1.0220000000000001e+01 	 -6.9864880433188031e-02 
1.0230000000000000e+01 	 -7.0477470490147187e-02 
1.0240000000000000e+01 	 -7.1081823276341466e-02 
1.0250000000000000e+01 	 -7.1677895649248341e-02 
1.0260000000000000e+01 	 -7.2265645343963000e-02 
1.0270000000000000e+01 	 -7.2845030975566868e-02 
1.0279999999999999e+01 	 -7.3416012041410614e-02 
1.0290000000000001e+01 	 -7.3978548923312085e-02 
1.0300000000000001e+01 	 -7.4532602889668190e-02 
1.0310000000000000e+01 	 -7.5078136097482359e-02 
1.0320000000000000e+01 	 -7.5615111594305381e-02 
1.0330000000000000e+01 	 -7.6143493320091238e-02 
1.0340000000000000e+01 	 -7.6663246108967117e-02 
1.0350000000000000e+01 	 -7.7174335690917917e-02 
1.0359999999999999e+01 	 -7.7676728693384864e-02 
1.0370000000000001e+01 	 -7.8170392642778710e-02 
1.0380000000000001e+01 	 -7.8655295965906757e-02 
1.0390000000000001e+01 	 -7.9131407991314962e-02 
1.0400000000000000e+01 	 -7.9598698950543625e-02 
1.0410000000000000e+01 	 -8.0057139979297726e-02 
1.0420000000000000e+01 	 -8.0506703118531669e-02 
1.0430000000000000e+01 	 -8.0947361315448260e-02 
1.0440000000000000e+01 	 -8.1379088424412230e-02 
1.0450000000000001e+01 	 -8.1801859207778341e-02 
1.0460000000000001e+01 	 -8.2215649336633459e-02 
1.0470000000000001e+01 	 -8.2620435391454292e-02 
1.0480000000000000e+01 	 -8.3016194862678694e-02 
1.0490000000000000e+01 	 -8.3402906151192446e-02 
1.0500000000000000e+01 	 -8.3780548568730476e-02 
1.0510000000000000e+01 	 -8.4149102338193310e-02 
1.0520000000000000e+01 	 -8.4508548593878255e-02 
1.0529999999999999e+01 	 -8.4858869381625998e-02 
1.0540000000000001e+01 	 -8.5200047658882380e-02 
1.0550000000000001e+01 	 -8.5532067294675218e-02 
1.0560000000000000e+01 	 -8.5854913069507377e-02 
1.0570000000000000e+01 	 -8.6168570675164771e-02 
1.0580000000000000e+01 	 -8.6473026714440501e-02 
1.0590000000000000e+01 	 -8.6768268700774961e-02 
1.0600000000000000e+01 	 -8.7054285057811945e-02 
1.0609999999999999e+01 	 -8.7331065118871065e-02 
1.0620000000000001e+01 	 -8.7598599126336760e-02 
1.0630000000000001e+01 	 -8.7856878230963609e-02 
1.0640000000000001e+01 	 -8.8105894491098985e-02 
1.0650000000000000e+01 	 -8.8345640871822326e-02 
1.0660000000000000e+01 	 -8.8576111244001776e-02 
1.0670000000000000e+01 	 -8.8797300383268260e-02 
1.0680000000000000e+01 	 -8.9009203968907311e-02 
1.0690000000000000e+01 	 -8.9211818582668717e-02 
1.0700000000000001e+01 	 -8.9405141707494237e-02 
1.0710000000000001e+01 	 -8.9589171726163763e-02 
1.0720000000000001e+01 	 -8.9763907919860220e-02 
1.0730000000000000e+01 	 -8.9929350466653041e-02 
1.0740000000000000e+01 	 -9.0085500439901101e-02 
1.0750000000000000e+01 	 -9.0232359806574750e-02 
1.0760000000000000e+01 	 -9.0369931425497763e-02 
1.0770000000000000e+01 	 -9.0498219045509184e-02 
1.0779999999999999e+01 	 -9.0617227303545350e-02 
1.0790000000000001e+01 	 -9.0726961722642510e-02 
1.0800000000000001e+01 	 -9.0827428709860325e-02 
1.0810000000000000e+01 	 -9.0918635554126520e-02 
1.0820000000000000e+01 	 -9.1000590424003019e-02 
1.0830000000000000e+01 	 -9.1073302365373782e-02 
1.0840000000000000e+01 	 -9.1136781299054934e-02 
1.0850000000000000e+01 	 -9.1191038018327286e-02 
1.0859999999999999e+01 	 -9.1236084186391619e-02 
1.0870000000000001e+01 	 -9.1271932333747210e-02 
1.0880000000000001e+01 	 -9.1298595855493894e-02 
1.0890000000000001e+01 	 -9.1316089008557880e-02 
1.0900000000000000e+01 	 -9.1324426908841960e-02 
1.0910000000000000e+01 	 -9.1323625528300312e-02 
1.0920000000000000e+01 	 -9.1313701691938198e-02 
1.0930000000000000e+01 	 -9.1294673074737251e-02 
1.0940000000000000e+01 	 -9.1266558198506403e-02 
1.0950000000000001e+01 	 -9.1229376428659067e-02 
1.0960000000000001e+01 	 -9.1183147970916922e-02 
1.0970000000000001e+01 	 -9.1127893867940693e-02 
1.0980000000000000e+01 	 -9.1063635995888348e-02 
1.0990000000000000e+01 	 -9.0990397060901271e-02 
1.1000000000000000e+01 	 -9.0908200595518504e-02 
1.1010000000000000e+01 	 -9.0817070955019910e-02 
1.1020000000000000e+01 	 -9.0717033313698500e-02 
1.1029999999999999e+01 	 -9.0608113661062195e-02 
1.1040000000000001e+01 	 -9.0490338797965836e-02 
1.1050000000000001e+01 	 -9.0363736332673777e-02 
1.1060000000000000e+01 	 -9.0228334676853247e-02 
1.1070000000000000e+01 	 -9.0084163041499327e-02 
1.1080000000000000e+01 	 -8.9931251432791959e-02 
1.1090000000000000e+01 	 -8.9769630647885235e-02 
1.1100000000000000e+01 	 -8.9599332270629661e-02 
1.1109999999999999e+01 	 -8.9420388667227901e-02 
1.1120000000000001e+01 	 -8.9232832981824273e-02 
1.1130000000000001e+01 	 -8.9036699132028996e-02 
1.1140000000000001e+01 	 -8.8832021804376854e-02 
1.1150000000000000e+01 	 -8.8618836449721794e-02 
1.1160000000000000e+01 	 -8.8397179278567245e-02 
1.1170000000000000e+01 	 -8.8167087256332946e-02 
1.1180000000000000e+01 	 -8.7928598098558866e-02 
1.1190000000000000e+01 	 -8.7681750266046632e-02 
1.1200000000000001e+01 	 -8.7426582959939006e-02 
1.1210000000000001e+01 	 -8.7163136116738274e-02 
1.1220000000000001e+01 	 -8.6891450403263321e-02 
1.1230000000000000e+01 	 -8.6611567211547016e-02 
1.1240000000000000e+01 	 -8.6323528653673501e-02 
1.1250000000000000e+01 	 -8.6027377556556567e-02 
1.1260000000000000e+01 	 -8.5723157456659468e-02 
1.1270000000000000e+01 	 -8.5410912594656607e-02 
1.1279999999999999e+01 	 -8.5090687910037974e-02 
1.1290000000000001e+01 	 -8.4762529035656606e-02 
1.1300000000000001e+01 	 -8.4426482292220259e-02 
1.1310000000000000e+01 	 -8.4082594682726594e-02 
1.1320000000000000e+01 	 -8.3730913886844213e-02 
1.1330000000000000e+01 	 -8.3371488255238671e-02 
1.1340000000000000e+01 	 -8.3004366803844959e-02 
1.1350000000000000e+01 	 -8.2629599208086574e-02 
1.1359999999999999e+01 	 -8.2247235797042073e-02 
1.1370000000000001e+01 	 -8.1857327547559505e-02 
1.1380000000000001e+01 	 -8.1459926078319853e-02 
1.1390000000000001e+01 	 -8.1055083643849030e-02 
1.1400000000000000e+01 	 -8.0642853128480324e-02 
1.1410000000000000e+01 	 -8.0223288040267224e-02 
1.1420000000000000e+01 	 -7.9796442504847256e-02 
1.1430000000000000e+01 	 -7.9362371259257686e-02 
1.1440000000000000e+01 	 -7.8921129645703664e-02 
1.1450000000000001e+01 	 -7.8472773605279281e-02 
1.1460000000000001e+01 	 -7.8017359671642847e-02 
1.1470000000000001e+01 	 -7.7554944964645670e-02 
1.1480000000000000e+01 	 -7.7085587183916712e-02 
1.1490000000000000e+01 	 -7.6609344602402457e-02 
1.1500000000000000e+01 	 -7.6126276059863343e-02 
1.1510000000000000e+01 	 -7.5636440956327114e-02 
1.1520000000000000e+01 	 -7.5139899245499825e-02 
1.1529999999999999e+01 	 -7.4636711428135355e-02 
1.1540000000000001e+01 	 -7.4126938545363757e-02 
1.1550000000000001e+01 	 -7.3610642171979768e-02 
1.1560000000000000e+01 	 -7.3087884409690829e-02 
1.1570000000000000e+01 	 -7.2558727880327217e-02 
1.1580000000000000e+01 	 -7.2023235719013215e-02 
1.1590000000000000e+01 	 -7.1481471567301072e-02 
1.1600000000000000e+01 	 -7.0933499566268002e-02 
1.1609999999999999e+01 	 -7.0379384349577065e-02 
1.1620000000000001e+01 	 -6.9819191036502387e-02 
1.1630000000000001e+01 	 -6.9252985224920266e-02 
1.1640000000000001e+01 	 -6.8680832984265111e-02 
1.1650000000000000e+01 	 -6.8102800848452966e-02 
1.1660000000000000e+01 	 -6.7518955808772069e-02 
1.1670000000000000e+01 	 -6.6929365306741345e-02 
1.1680000000000000e+01 	 -6.6334097226937824e-02 
1.1690000000000000e+01 	 -6.5733219889793387e-02 
1.1700000000000001e+01 	 -6.5126802044361706e-02 
1.1710000000000001e+01 	 -6.4514912861056622e-02 
1.1720000000000001e+01 	 -6.3897621924360881e-02 
1.1730000000000000e+01 	 -6.3274999225508569e-02 
1.1740000000000000e+01 	 -6.2647115155139793e-02 
1.1750000000000000e+01 	 -6.2014040495929366e-02 
1.1760000000000000e+01 	 -6.1375846415190054e-02 
1.1770000000000000e+01 	 -6.0732604457450899e-02 
1.1779999999999999e+01 	 -6.0084386537011578e-02 
1.1790000000000001e+01 	 -5.9431264930473286e-02 
1.1800000000000001e+01 	 -5.8773312269247653e-02 
1.1810000000000000e+01 	 -5.8110601532042554e-02 
1.1820000000000000e+01 	 -5.7443206037327978e-02 
1.1830000000000000e+01 	 -5.6771199435780934e-02 
1.1840000000000000e+01 	 -5.6094655702710737e-02 
1.1850000000000000e+01 	 -5.5413649130465426e-02 
1.1859999999999999e+01 	 -5.4728254320819889e-02 
1.1870000000000001e+01 	 -5.4038546177346429e-02 
1.1880000000000001e+01 	 -5.3344599897769268e-02 
1.1890000000000001e+01 	 -5.2646490966301675e-02 
1.1900000000000000e+01 	 -5.1944295145969183e-02 
1.1910000000000000e+01 	 -5.1238088470917591e-02 
1.1920000000000000e+01 	 -5.0527947238707308e-02 
1.1930000000000000e+01 	 -4.9813948002594678e-02 
1.1940000000000000e+01 	 -4.9096167563800905e-02 
1.1950000000000001e+01 	 -4.8374682963769337e-02 
1.1960000000000001e+01 	 -4.7649571476412529e-02 
1.1970000000000001e+01 	 -4.6920910600347886e-02 
1.1980000000000000e+01 	 -4.6188778051125236e-02 
1.1990000000000000e+01 	 -4.5453251753445181e-02 
1.2000000000000000e+01 	 -4.4714409833369578e-02 
1.2010000000000000e+01 	 -4.3972330610524968e-02 
1.2020000000000000e+01 	 -4.3227092590299471e-02 
1.2030000000000001e+01 	 -4.2478774456034020e-02 
1.2040000000000001e+01 	 -4.1727455061209145e-02 
1.2050000000000001e+01 	 -4.0973213421626346e-02 
1.2060000000000000e+01 	 -4.0216128707587201e-02 
1.2070000000000000e+01 	 -3.9456280236069202e-02 
1.2080000000000000e+01 	 -3.8693747462899587e-02 
1.2090000000000000e+01 	 -3.7928609974927988e-02 
1.2100000000000000e+01 	 -3.7160947482198468e-02 
1.2109999999999999e+01 	 -3.6390839810121811e-02 
1.2120000000000001e+01 	 -3.5618366891648517e-02 
1.2130000000000001e+01 	 -3.4843608759444207e-02 
1.2140000000000001e+01 	 -3.4066645538065973e-02 
1.2150000000000000e+01 	 -3.3287557436143214e-02 
1.2160000000000000e+01 	 -3.2506424738561655e-02 
1.2170000000000000e+01 	 -3.1723327798651987e-02 
1.2180000000000000e+01 	 -3.0938347030383822e-02 
1.2190000000000000e+01 	 -3.0151562900565664e-02 
1.2200000000000001e+01 	 -2.9363055921051394e-02 
1.2210000000000001e+01 	 -2.8572906640954958e-02 
1.2220000000000001e+01 	 -2.7781195638871749e-02 
1.2230000000000000e+01 	 -2.6988003515110309e-02 
1.2240000000000000e+01 	 -2.6193410883932858e-02 
1.2250000000000000e+01 	 -2.5397498365806310e-02 
1.2260000000000000e+01 	 -2.4600346579664242e-02 
1.2270000000000000e+01 	 -2.3802036135180591e-02 
1.2280000000000001e+01 	 -2.3002647625055665e-02 
1.2290000000000001e+01 	 -2.2202261617315901e-02 
1.2300000000000001e+01 	 -2.1400958647626093e-02 
1.2310000000000000e+01 	 -2.0598819211617551e-02 
1.2320000000000000e+01 	 -1.9795923757230719e-02 
1.2330000000000000e+01 	 -1.8992352677073922e-02 
1.2340000000000000e+01 	 -1.8188186300798652e-02 
1.2350000000000000e+01 	 -1.7383504887492199e-02 
1.2359999999999999e+01 	 -1.6578388618088236e-02 
1.2370000000000001e+01 	 -1.5772917587795924e-02 
1.2380000000000001e+01 	 -1.4967171798549129e-02 
1.2390000000000001e+01 	 -1.4161231151474173e-02 
1.2400000000000000e+01 	 -1.3355175439379790e-02 
1.2410000000000000e+01 	 -1.2549084339267684e-02 
1.2420000000000000e+01 	 -1.1743037404865339e-02 
1.2430000000000000e+01 	 -1.0937114059181515e-02 
1.2440000000000000e+01 	 -1.0131393587085152e-02 
1.2450000000000001e+01 	 -9.3259551279081671e-03 
1.2460000000000001e+01 	 -8.5208776680736811e-03 
1.2470000000000001e+01 	 -7.7162400337481823e-03 
1.2480000000000000e+01 	 -6.9121208835211424e-03 
1.2490000000000000e+01 	 -6.1085987011105730e-03 
1.2500000000000000e+01 	 -5.3057517880960546e-03 
1.2510000000000000e+01 	 -4.5036582566797172e-03 
1.2520000000000000e+01 	 -3.7023960224758165e-03 
1.2530000000000001e+01 	 -2.9020427973294061e-03 
1.2540000000000001e+01 	 -2.1026760821655885e-03 
1.2550000000000001e+01 	 -1.3043731598678379e-03 
1.2560000000000000e+01 	 -5.0721108818886423e-04 
1.2570000000000000e+01 	 2.8873330730748355e-04 
1.2580000000000000e+01 	 1.0833834402718169e-03 
1.2590000000000000e+01 	 1.8766629705618283e-03 
1.2600000000000000e+01 	 2.6684958112013252e-03 
1.2609999999999999e+01 	 3.4588061353050736e-03 
1.2620000000000001e+01 	 4.2475183829689834e-03 
1.2630000000000001e+01 	 5.0345572681242019e-03 
1.2640000000000001e+01 	 5.8198477853566187e-03 
1.2650000000000000e+01 	 6.6033152166883940e-03 
1.2660000000000000e+01 	 7.3848851383230083e-03 
1.2670000000000000e+01 	 8.1644834273524505e-03 
1.2680000000000000e+01 	 8.9420362684260596e-03 
1.2690000000000000e+01 	 9.7174701603804665e-03 
1.2700000000000001e+01 	 1.0490711922830232e-02 
1.2710000000000001e+01 	 1.1261688702717732e-02 
1.2720000000000001e+01 	 1.2030327980823846e-02 
1.2730000000000000e+01 	 1.2796557578236110e-02 
1.2740000000000000e+01 	 1.3560305662775874e-02 
1.2750000000000000e+01 	 1.4321500755383059e-02 
1.2760000000000000e+01 	 1.5080071736458128e-02 
1.2770000000000000e+01 	 1.5835947852160730e-02 
1.2780000000000001e+01 	 1.6589058720664650e-02 
1.2790000000000001e+01 	 1.7339334338367637e-02 
1.2800000000000001e+01 	 1.8086705086057728e-02 
1.2810000000000000e+01 	 1.8831101735032777e-02 
1.2820000000000000e+01 	 1.9572455453174691e-02 
1.2830000000000000e+01 	 2.0310697810977132e-02 
1.2840000000000000e+01 	 2.1045760787526225e-02 
1.2850000000000000e+01 	 2.1777576776433813e-02 
1.2859999999999999e+01 	 2.2506078591722812e-02 
1.2870000000000001e+01 	 2.3231199473664203e-02 
1.2880000000000001e+01 	 2.3952873094564495e-02 
1.2890000000000001e+01 	 2.4671033564505090e-02 
1.2900000000000000e+01 	 2.5385615437030468e-02 
1.2910000000000000e+01 	 2.6096553714786690e-02 
1.2920000000000000e+01 	 2.6803783855108974e-02 
1.2930000000000000e+01 	 2.7507241775558036e-02 
1.2940000000000000e+01 	 2.8206863859404682e-02 
1.2950000000000001e+01 	 2.8902586961062422e-02 
1.2960000000000001e+01 	 2.9594348411466815e-02 
1.2970000000000001e+01 	 3.0282086023403095e-02 
1.2980000000000000e+01 	 3.0965738096779032e-02 
1.2990000000000000e+01 	 3.1645243423844567e-02 
1.3000000000000000e+01 	 3.2320541294356991e-02 
1.3010000000000000e+01 	 3.2991571500691493e-02 
1.3020000000000000e+01 	 3.3658274342896449e-02 
1.3030000000000001e+01 	 3.4320590633693429e-02 
1.3040000000000001e+01 	 3.4978461703420623e-02 
1.3050000000000001e+01 	 3.5631829404921163e-02 
1.3060000000000000e+01 	 3.6280636118373580e-02 
1.3070000000000000e+01 	 3.6924824756065719e-02 
1.3080000000000000e+01 	 3.7564338767111190e-02 
1.3090000000000000e+01 	 3.8199122142107897e-02 
1.3100000000000000e+01 	 3.8829119417738450e-02 
1.3109999999999999e+01 	 3.9454275681312045e-02 
1.3120000000000001e+01 	 4.0074536575247559e-02 
1.3130000000000001e+01 	 4.0689848301496842e-02 
1.3140000000000001e+01 	 4.1300157625909634e-02 
1.3150000000000000e+01 	 4.1905411882537373e-02 
1.3160000000000000e+01 	 4.2505558977877410e-02 
1.3170000000000000e+01 	 4.3100547395056553e-02 
1.3180000000000000e+01 	 4.3690326197953759e-02 
1.3190000000000000e+01 	 4.4274845035261655e-02 
1.3200000000000001e+01 	 4.4854054144486698e-02 
1.3210000000000001e+01 	 4.5427904355887089e-02 
1.3220000000000001e+01 	 4.5996347096349637e-02 
1.3230000000000000e+01 	 4.6559334393203283e-02 
1.3240000000000000e+01 	 4.7116818877970493e-02 
1.3250000000000000e+01 	 4.7668753790055744e-02 
1.3260000000000000e+01 	 4.8215092980370806e-02 
1.3270000000000000e+01 	 4.8755790914896617e-02 
1.3280000000000001e+01 	 4.9290802678181665e-02 
1.3290000000000001e+01 	 4.9820083976775939e-02 
1.3300000000000001e+01 	 5.0343591142601680e-02 
1.3310000000000000e+01 	 5.0861281136258873e-02 
1.3320000000000000e+01 	 5.1373111550266595e-02 
1.3330000000000000e+01 	 5.1879040612239406e-02 
1.3340000000000000e+01 	 5.2379027187998736e-02 
1.3350000000000000e+01 	 5.2873030784619059e-02 
1.3359999999999999e+01 	 5.3361011553408590e-02 
1.3370000000000001e+01 	 5.3842930292824442e-02 
1.3380000000000001e+01 	 5.4318748451321536e-02 
1.3390000000000001e+01 	 5.4788428130136360e-02 
1.3400000000000000e+01 	 5.5251932086003624e-02 
1.3410000000000000e+01 	 5.5709223733807163e-02 
1.3420000000000000e+01 	 5.6160267149164000e-02 
1.3430000000000000e+01 	 5.6605027070941956e-02 
1.3440000000000000e+01 	 5.7043468903710287e-02 
1.3450000000000001e+01 	 5.7475558720123519e-02 
1.3460000000000001e+01 	 5.7901263263237718e-02 
1.3470000000000001e+01 	 5.8320549948760424e-02 
1.3480000000000000e+01 	 5.8733386867232278e-02 
1.3490000000000000e+01 	 5.9139742786141716e-02 
1.3500000000000000e+01 	 5.9539587151971926e-02 
1.3510000000000000e+01 	 5.9932890092180093e-02 
1.3520000000000000e+01 	 6.0319622417108948e-02 
1.3530000000000001e+01 	 6.0699755621830345e-02 
1.3540000000000001e+01 	 6.1073261887920706e-02 
1.3550000000000001e+01 	 6.1440114085168980e-02 
1.3560000000000000e+01 	 6.1800285773215821e-02 
1.3570000000000000e+01 	 6.2153751203124968e-02 
1.3580000000000000e+01 	 6.2500485318886259e-02 
1.3590000000000000e+01 	 6.2840463758850398e-02 
1.3600000000000000e+01 	 6.3173662857095275e-02 
1.3609999999999999e+01 	 6.3500059644724105e-02 
1.3620000000000001e+01 	 6.3819631851094905e-02 
1.3630000000000001e+01 	 6.4132357904981549e-02 
1.3640000000000001e+01 	 6.4438216935666745e-02 
1.3650000000000000e+01 	 6.4737188773965948e-02 
1.3660000000000000e+01 	 6.5029253953183208e-02 
1.3670000000000000e+01 	 6.5314393709998336e-02 
1.3680000000000000e+01 	 6.5592589985285638e-02 
1.3690000000000000e+01 	 6.5863825424864214e-02 
1.3700000000000001e+01 	 6.6128083380179753e-02 
1.3710000000000001e+01 	 6.6385347908917744e-02 
1.3720000000000001e+01 	 6.6635603775548766e-02 
1.3730000000000000e+01 	 6.6878836451804813e-02 
1.3740000000000000e+01 	 6.7115032117087761e-02 
1.3750000000000000e+01 	 6.7344177658809248e-02 
1.3760000000000000e+01 	 6.7566260672662581e-02 
1.3770000000000000e+01 	 6.7781269462826338e-02 
1.3780000000000001e+01 	 6.7989193042100007e-02 
1.3790000000000001e+01 	 6.8190021131971340e-02 
1.3800000000000001e+01 	 6.8383744162616278e-02 
1.3810000000000000e+01 	 6.8570353272830620e-02 
1.3820000000000000e+01 	 6.8749840309893992e-02 
1.3830000000000000e+01 	 6.8922197829366399e-02 
1.3840000000000000e+01 	 6.9087419094817012e-02 
1.3850000000000000e+01 	 6.9245498077485604e-02 
1.3859999999999999e+01 	 6.9396429455876804e-02 
1.3870000000000001e+01 	 6.9540208615286939e-02 
1.3880000000000001e+01 	 6.9676831647263945e-02 
1.3890000000000001e+01 	 6.9806295349000513e-02 
1.3900000000000000e+01 	 6.9928597222660135e-02 
1.3910000000000000e+01 	 7.0043735474636867e-02 
1.3920000000000000e+01 	 7.0151709014748390e-02 
1.3930000000000000e+01 	 7.0252517455362859e-02 
1.3940000000000000e+01 	 7.0346161110459729e-02 
1.3950000000000001e+01 	 7.0432640994624360e-02 
1.3960000000000001e+01 	 7.0511958821977083e-02 
1.3970000000000001e+01 	 7.0584117005036598e-02 
1.3980000000000000e+01 	 7.0649118653517903e-02 
1.3990000000000000e+01 	 7.0706967573065146e-02 
1.4000000000000000e+01 	 7.0757668263919313e-02 
1.4010000000000000e+01 	 7.0801225919521274e-02 
1.4020000000000000e+01 	 7.0837646425050235e-02 
1.4030000000000001e+01 	 7.0866936355897692e-02 
1.4040000000000001e+01 	 7.0889102976077450e-02 
1.4050000000000001e+01 	 7.0904154236571648e-02 
1.4060000000000000e+01 	 7.0912098773613097e-02 
1.4070000000000000e+01 	 7.0912945906904307e-02 
1.4080000000000000e+01 	 7.0906705637773265e-02 
1.4090000000000000e+01 	 7.0893388647266339e-02 
1.4100000000000000e+01 	 7.0873006294178559e-02 
1.4109999999999999e+01 	 7.0845570613021477e-02 
1.4120000000000001e+01 	 7.0811094311928904e-02 
1.4130000000000001e+01 	 7.0769590770500976e-02 
1.4140000000000001e+01 	 7.0721074037586415e-02 
1.4150000000000000e+01 	 7.0665558829003744e-02 
1.4160000000000000e+01 	 7.0603060525201489e-02 
1.4170000000000000e+01 	 7.0533595168857641e-02 
1.4180000000000000e+01 	 7.0457179462418876e-02 
1.4190000000000000e+01 	 7.0373830765579626e-02 
1.4200000000000001e+01 	 7.0283567092701518e-02 
1.4210000000000001e+01 	 7.0186407110173321e-02 
1.4220000000000001e+01 	 7.0082370133711797e-02 
1.4230000000000000e+01 	 6.9971476125603935e-02 
1.4240000000000000e+01 	 6.9853745691890567e-02 
1.4250000000000000e+01 	 6.9729200079492112e-02 
1.4260000000000000e+01 	 6.9597861173276418e-02 
1.4270000000000000e+01 	 6.9459751493069335e-02 
1.4280000000000001e+01 	 6.9314894190608239e-02 
1.4290000000000001e+01 	 6.9163313046438954e-02 
1.4300000000000001e+01 	 6.9005032466756169e-02 
1.4310000000000000e+01 	 6.8840077480188236e-02 
1.4320000000000000e+01 	 6.8668473734526198e-02 
1.4330000000000000e+01 	 6.8490247493397757e-02 
1.4340000000000000e+01 	 6.8305425632886427e-02 
1.4350000000000000e+01 	 6.8114035638096343e-02 
1.4359999999999999e+01 	 6.7916105599663004e-02 
1.4370000000000001e+01 	 6.7711664210210437e-02 
1.4380000000000001e+01 	 6.7500740760755365e-02 
1.4390000000000001e+01 	 6.7283365137058182e-02 
1.4400000000000000e+01 	 6.7059567815922039e-02 
1.4410000000000000e+01 	 6.6829379861439608e-02 
1.4420000000000000e+01 	 6.6592832921188519e-02 
1.4430000000000000e+01 	 6.6349959222375687e-02 
1.4440000000000000e+01 	 6.6100791567930847e-02 
1.4450000000000001e+01 	 6.5845363332549992e-02 
1.4460000000000001e+01 	 6.5583708458689036e-02 
1.4470000000000001e+01 	 6.5315861452507909e-02 
1.4480000000000000e+01 	 6.5041857379765977e-02 
1.4490000000000000e+01 	 6.4761731861668975e-02 
1.4500000000000000e+01 	 6.4475521070667799e-02 
1.4510000000000000e+01 	 6.4183261726209986e-02 
1.4520000000000000e+01 	 6.3884991090443932e-02 
1.4530000000000001e+01 	 6.3580746963876583e-02 
1.4540000000000001e+01 	 6.3270567680985157e-02 
1.4550000000000001e+01 	 6.2954492105782758e-02 
1.4560000000000000e+01 	 6.2632559627339351e-02 
1.4570000000000000e+01 	 6.2304810155257698e-02 
1.4580000000000000e+01 	 6.1971284115105191e-02 
1.4590000000000000e+01 	 6.1632022443802031e-02 
1.4600000000000000e+01 	 6.1287066584966042e-02 
1.4609999999999999e+01 	 6.0936458484214889e-02 
1.4620000000000001e+01 	 6.0580240584425953e-02 
1.4630000000000001e+01 	 6.0218455820954787e-02 
1.4640000000000001e+01 	 5.9851147616811790e-02 
1.4650000000000000e+01 	 5.9478359877798717e-02 
1.4660000000000000e+01 	 5.9100136987604773e-02 
1.4670000000000000e+01 	 5.8716523802863074e-02 
1.4680000000000000e+01 	 5.8327565648167906e-02 
1.4690000000000000e+01 	 5.7933308311053443e-02 
1.4700000000000001e+01 	 5.7533798036934237e-02 
1.4710000000000001e+01 	 5.7129081524008488e-02 
1.4720000000000001e+01 	 5.6719205918123614e-02 
1.4730000000000000e+01 	 5.6304218807605985e-02 
1.4740000000000000e+01 	 5.5884168218054350e-02 
1.4750000000000000e+01 	 5.5459102607097910e-02 
1.4760000000000000e+01 	 5.5029070859119532e-02 
1.4770000000000000e+01 	 5.4594122279944604e-02 
1.4780000000000001e+01 	 5.4154306591496004e-02 
1.4790000000000001e+01 	 5.3709673926416318e-02 
1.4800000000000001e+01 	 5.3260274822656502e-02 
1.4810000000000000e+01 	 5.2806160218033221e-02 
1.4820000000000000e+01 	 5.2347381444754301e-02 
1.4830000000000000e+01 	 5.1883990223913178e-02 
1.4840000000000000e+01 	 5.1416038659952930e-02 
1.4850000000000000e+01 	 5.0943579235100477e-02 
1.4859999999999999e+01 	 5.0466664803771419e-02 
1.4870000000000001e+01 	 4.9985348586946081e-02 
1.4880000000000001e+01 	 4.9499684166517829e-02 
1.4890000000000001e+01 	 4.9009725479612944e-02 
1.4900000000000000e+01 	 4.8515526812884298e-02 
1.4910000000000000e+01 	 4.8017142796778212e-02 
1.4920000000000000e+01 	 4.7514628399775563e-02 
1.4930000000000000e+01 	 4.7008038922607520e-02 
1.4940000000000000e+01 	 4.6497429992446736e-02 
1.4950000000000001e+01 	 4.5982857557074187e-02 
1.4960000000000001e+01 	 4.5464377879023091e-02 
1.4970000000000001e+01 	 4.4942047529698874e-02 
1.4980000000000000e+01 	 4.4415923383477773e-02 
1.4990000000000000e+01 	 4.3886062611783211e-02 
1.5000000000000000e+01 	 4.3352522677141118e-02 
